import numpy as np

DEFAULT_CALIB = {
  "a6": {
    "model": "vadas",
    "intrinsic": [-0.0004, 1.0136, -0.0623, 0.2852, -0.332, 0.1896, -0.0391, #u2d
                  1.0447, 0.0021, 44.9516, 2.48822, # focal, pixel_size, cx, cy
                  0, 0.9965, -0.0067, -0.0956, 0.1006, -0.054, 0.0106], #d2u
    "extrinsic": [ 0.293769, -0.0542026, -0.631615, -0.00394431, -0.33116, -0.00963617 ],
    "image_size": None
  }
}

DEFAULT_LIDAR_TO_WORLD_v1 = np.array([
    [-0.998752, -0.00237052, -0.0498847,  0.0375091],
    [ 0.00167658, -0.999901,   0.0139481,  0.0349093],
    [-0.0499128,  0.0138471,   0.998658,   0.771878],
    [ 0.,         0.,          0.,         1.       ]
])

DEFAULT_LIDAR_TO_WORLD_v2 = np.array([
    [-0.998752, -0.00237052, -0.0498847,  0.0375091],
    [ 0.00167658, -0.999901,   0.0139481,  0.0349093],
    [-0.0499128,  0.0138471,   0.998658,   0.771878],
    [ 0.,         0.,          0.,         1.       ]
])

# get_lidar_to_cam_matrix.py에서 계산된 T_lidar_to_cam 행렬 (extrinsic_v2 기준)
DEFAULT_LIDAR_TO_CAM = np.array([
    [ 0.9456203,   0.01010798, -0.32511547,  0.293769   ],
    [-0.00881369,  0.99994629,  0.00545355, -0.0542026  ],
    [ 0.32515313, -0.00229153,  0.9456586,  -0.631615   ],
    [ 0.,          0.,          0.,          1.         ]
])